[Variables]
t0_center_x = -28.500000000140062
t0_center_y = 299.99999999985084
t0_z_ref = 7.526250000000419
zoffset = {'z': -0.019999999999999896}

