[Variables]
t0_center_x = -28.50000000002001
t0_center_y = 299.99999999985084
t0_z_ref = 7.30625000000042
zoffset = {'z': -0.019999999999999896}

